424,70,442,71,463,71,482,73,505,71,523,72,540,72,539,90,521,90,506,89,482,91,462,89,442,89,424,88
61,117,540,114,540,135,61,138
82,141,116,141,212,144,292,140,407,140,453,139,486,138,486,157,453,158,408,159,292,159,212,163,115,159,82,160
75,168,108,167,227,165,300,163,368,165,483,165,516,167,516,186,483,184,368,184,301,182,227,184,108,186,75,187
108,189,141,190,197,190,300,192,388,191,453,188,486,186,486,205,453,207,388,210,301,212,197,210,141,210,108,209
103,213,137,214,195,214,287,214,404,212,459,212,492,212,492,231,458,231,405,230,287,233,195,233,137,233,103,232
78,238,111,238,206,237,286,237,380,236,466,236,499,236,500,254,466,255,380,254,286,256,206,255,111,257,78,257
78,265,108,266,218,265,287,265,376,262,454,263,484,263,484,279,454,280,376,278,287,282,218,281,108,282,78,282
82,287,115,286,157,285,233,286,294,289,362,284,395,284,395,303,362,303,295,308,232,305,158,305,116,306,83,306
84,311,541,309,541,330,84,333
63,336,540,333,540,355,63,357
86,361,120,360,207,359,282,359,376,358,475,361,509,362,509,380,475,379,376,377,283,377,207,378,120,379,87,379
73,384,106,384,204,386,281,385,383,382,475,382,509,381,508,400,475,401,384,401,281,403,204,405,107,403,73,403
86,408,123,407,237,407,322,406,391,406,496,405,533,405,533,425,496,426,391,426,322,426,237,427,123,428,86,428
64,431,538,431,538,452,64,452
78,459,108,458,219,455,290,455,371,456,466,455,496,456,496,473,466,473,372,473,290,472,220,472,108,476,78,476
76,484,109,484,230,478,287,480,395,477,463,476,497,475,496,494,463,495,396,497,287,500,230,498,110,503,77,503
85,505,118,505,165,504,225,505,278,504,347,506,380,507,381,525,347,525,278,523,225,523,165,523,119,523,85,524
109,531,143,530,242,527,298,527,386,527,471,527,504,527,504,546,470,546,387,546,298,546,242,546,143,549,109,549
82,553,116,553,200,552,287,554,380,552,496,550,530,549,530,569,496,569,380,571,287,573,200,572,115,572,82,572
106,575,139,576,197,579,298,578,376,578,466,573,499,572,500,591,466,593,376,598,297,597,197,599,140,596,106,594
78,602,111,603,210,601,286,604,406,599,459,599,492,598,492,617,459,618,406,618,286,622,211,619,111,621,78,621
66,627,451,622,451,643,66,647
111,651,144,651,251,648,302,650,401,648,466,648,499,647,500,666,466,667,402,667,302,669,251,667,144,670,111,670
83,675,112,675,222,674,317,672,389,672,495,671,524,671,524,687,495,687,389,688,317,689,222,690,113,691,83,692
64,692,538,689,538,701,64,705
95,702,124,703,201,703,286,705,370,704,457,704,487,703,487,720,457,720,370,720,286,721,201,719,125,719,95,719
59,722,89,722,117,722,151,722,198,722,223,723,256,725,257,743,223,741,198,740,151,740,117,740,88,740,59,740
116,745,146,745,240,746,326,745,389,745,457,748,487,748,487,765,457,764,389,762,326,762,241,762,146,761,116,761
73,765,107,766,233,766,281,767,404,770,481,771,515,772,515,791,481,790,404,789,281,786,233,785,106,784,73,784
103,789,137,789,218,788,301,789,386,792,442,790,476,789,475,809,442,809,386,812,301,809,218,808,137,808,103,809
81,811,537,815,537,837,81,833
75,836,108,837,207,835,314,840,364,836,454,840,487,838,488,857,454,859,364,855,314,859,207,854,108,856,74,855
76,859,109,859,222,860,310,861,391,862,462,864,495,865,495,884,461,883,391,881,310,879,222,879,110,878,76,877
58,884,119,884,119,904,58,904
