446,155,590,159,589,178,445,174
-1,165,5,165,15,166,29,168,38,171,43,185,53,186,58,173,48,172,37,184,27,182,14,180,6,179,0,178
-1,185,7,188,15,190,27,193,35,192,47,195,56,195,52,212,44,211,32,208,25,209,14,207,8,204,0,202
172,196,586,202,585,223,171,217
0,213,54,222,51,239,0,230
165,227,189,226,271,225,351,226,426,228,510,231,534,232,534,247,510,246,426,242,350,241,271,239,189,241,165,241
0,238,52,250,48,265,0,253
161,246,185,246,289,248,349,248,426,252,512,254,537,255,536,269,512,268,426,266,348,262,289,262,185,260,161,260
-1,264,5,265,15,267,23,268,33,270,40,272,47,274,44,287,37,285,30,283,21,281,14,280,6,278,0,277
143,272,153,272,171,270,186,272,205,271,228,273,237,273,238,286,228,286,203,284,187,285,171,283,153,285,143,285
0,294,28,294,28,308,0,308
194,291,223,292,279,293,359,296,436,299,510,300,540,301,539,318,509,318,436,316,358,313,279,311,223,309,194,308
-4,317,8,317,14,317,25,317,34,319,41,320,48,323,46,337,39,335,31,333,21,331,16,332,6,331,-5,331
141,315,164,316,205,316,240,317,267,316,310,318,329,318,328,335,309,335,266,334,241,334,205,334,163,333,141,333
16,340,47,344,45,361,14,357
166,336,578,350,577,371,165,357
144,362,578,371,577,392,143,383
14,368,46,368,46,384,14,384
142,382,576,397,575,418,141,403
0,392,10,392,10,404,0,404
708,387,726,396,689,469,671,460
142,407,446,415,445,436,141,428
-1,413,8,414,12,414,20,414,30,417,34,432,40,435,46,422,39,420,28,430,19,428,13,428,6,427,-2,426
177,431,211,432,283,433,381,437,431,440,500,441,535,442,534,462,500,460,430,460,380,456,283,453,211,451,176,450
-3,439,5,438,14,438,20,438,28,441,33,454,42,457,47,444,37,442,27,454,20,452,14,452,5,451,-3,452
159,456,183,456,291,461,345,460,417,464,512,467,537,469,536,483,512,482,416,479,344,475,291,475,183,471,159,471
-3,463,3,463,15,465,19,464,26,465,33,466,40,467,43,480,36,479,27,479,19,477,11,478,4,476,-2,476
140,478,222,481,221,498,139,495
-4,485,4,485,14,488,18,487,26,487,29,505,37,508,44,494,35,491,24,503,20,502,12,503,7,501,-1,501
160,501,388,507,387,527,159,522
0,514,40,514,40,530,0,530
155,525,185,525,241,525,293,527,325,528,372,531,406,534,406,553,372,550,324,547,292,546,241,544,185,544,155,544
0,535,39,539,37,554,0,550
156,548,181,549,227,549,265,551,314,551,341,554,370,556,369,572,339,570,314,567,264,567,227,565,181,565,155,564
0,560,38,560,38,576,0,576
157,572,179,572,221,572,275,574,300,574,350,578,380,580,379,597,349,596,300,591,274,591,221,589,179,589,157,589
0,586,36,586,36,600,0,600
169,598,193,598,231,596,283,598,332,601,377,600,401,601,400,615,376,615,332,615,282,613,231,610,193,612,168,613
170,615,199,617,277,622,373,623,412,626,492,627,522,629,521,647,492,645,412,643,372,640,277,639,199,634,169,633
1,634,8,633,8,632,17,631,27,633,25,646,32,651,37,638,31,634,21,645,16,644,10,645,2,644,-4,645
0,652,34,652,34,670,0,670
212,674,252,676,303,674,337,678,406,676,444,679,483,680,483,702,444,700,406,698,336,699,303,696,250,697,211,696
0,680,32,680,32,694,0,694
0,698,33,702,31,719,0,715
136,705,562,720,561,740,135,726
2,726,30,726,30,740,2,740
152,727,182,729,251,734,333,736,422,738,484,739,514,740,513,756,484,756,422,755,332,753,251,751,181,746,151,744
2,748,30,748,30,764,2,764
148,752,177,753,255,757,355,759,419,760,484,763,514,764,513,781,484,780,418,777,354,776,255,774,177,770,147,769
2,774,28,774,28,788,2,788
172,776,201,776,251,777,341,781,410,782,492,785,522,786,521,802,492,802,410,799,340,798,251,794,201,793,171,792
4,798,26,798,26,810,4,810
147,797,171,798,223,800,303,805,350,805,398,806,423,806,422,820,398,820,350,819,302,819,222,814,171,812,146,811
196,824,225,824,283,825,347,827,413,827,488,831,518,831,517,847,488,847,412,843,346,843,283,841,225,840,195,840
0,842,24,842,24,856,0,856
178,843,207,844,253,845,327,846,414,852,500,854,530,855,529,873,500,871,414,869,326,864,253,862,207,861,177,860
132,863,556,877,555,897,131,883
6,888,24,888,24,902,6,902
154,890,184,890,249,893,359,894,406,896,486,898,516,898,515,915,486,915,406,913,358,911,248,910,182,907,153,907
145,911,170,912,245,914,317,916,426,918,496,920,521,921,520,935,496,934,426,932,317,930,245,928,169,926,144,925
669,972,688,981,657,1045,638,1036
